,순위,종목코드,종목명,시장구분,시작일기준가,종료일종가,대비,등락률,거래량_합계,거래량_일평균,거래대금_합계,거래대금_일평균
19,20,21050,서원,KOSPI,1160,3600,2440,210.34,1139457367,4631941,2592965486682,10540510108
35,36,84680,이월드,KOSPI,2435,5320,2885,118.48,772783381,3141396,3237816094510,13161854043
17,18,44380,주연테크,KOSPI,408,882,474,116.18,1249838339,5080644,857089775006,3484104776
26,27,4770,써니전자,KOSPI,2385,5040,2655,111.32,998029429,4057030,4308564531560,17514489966
39,40,1360,삼성제약,KOSPI,2600,4415,1815,69.81,745051364,3028664,2944939484170,11971298716
31,32,4270,남성,KOSPI,1955,3300,1345,68.8,811645304,3299371,2938896109550,11946732153
11,12,5110,한창,KOSPI,1990,3190,1200,60.3,1595279921,6484878,5594920672320,22743579969
5,6,8350,남선알미늄,KOSPI,2740,4300,1560,56.93,2473801151,10056102,9230668506615,37523042710
9,10,5390,신성통상,KOSPI,975,1520,545,55.9,1838698084,7474382,3144962544459,12784400587
34,35,660,SK하이닉스,KOSPI,64600,99900,35300,54.64,775489942,3152398,59706853957490,242710788445
